
running 1 test
TEST STARTED
Rendering Frame 0...
Frame 0 Size: 4367
Rendering Frame 5...
Frame 5 Size: 4367

thread 'test_video_pipeline_determinism' (5528) panicked at tests\pipeline.rs:57:5:
assertion `left != right` failed: Frame 5 should differ from Frame 0 due to animation
  left: [137, 80, 78, 71, 13, 10, 26, 10, 0, 0, 0, 13, 73, 72, 68, 82, 0, 0, 1, 144, 0, 0, 1, 144, 8, 6, 0, 0, 0, 128, 191, 54, 204, 0, 0, 16, 214, 73, 68, 65, 84, 120, 1, 237, 192, 3, 160, 36, 89, 150, 198, 241, 255, 119, 238, 141, 200, 204, 167, 114, 75, 99, 174, 109, 219, 182, 109, 219, 182, 109, 219, 182, 109, 105, 140, 158, 150, 74, 175, 158, 50, 51, 34, 238, 249, 118, 183, 106, 122, 166, 135, 59, 107, 213, 175, 114, 213, 85, 87, 93, 117, 213, 85, 255, 122, 84, 174, 186, 234, 170, 171, 174, 186, 234, 95, 143, 202, 85, 87, 93, 117, 213, 85, 87, 253, 235, 81, 185, 234, 170, 171, 174, 186, 234, 170, 127, 61, 42, 87, 93, 117, 213, 85, 87, 93, 245, 175, 71, 229, 170, 171, 174, 186, 234, 170, 171, 254, 245, 168, 92, 117, 213, 85, 87, 93, 117, 213, 191, 30, 149, 171, 174, 186, 234, 170, 171, 174, 250, 215, 163, 114, 213, 85, 87, 93, 117, 213, 85, 255, 122, 84, 174, 186, 234, 170, 171, 174, 186, 234, 95, 143, 202, 85, 87, 93, 117, 213, 85, 87, 253, 235, 81, 185, 234, 170, 171, 174, 186, 234, 170, 127, 61, 42, 87, 93, 117, 213, 85, 87, 93, 245, 175, 71, 229, 170, 171, 174, 186, 234, 170, 171, 254, 245, 168, 92, 117, 213, 85, 87, 93, 117, 213, 191, 30, 149, 171, 174, 186, 234, 170, 171, 174, 250, 215, 163, 114, 213, 85, 87, 93, 117, 213, 85, 255, 122, 84, 174, 186, 234, 170, 171, 174, 186, 234, 95, 143, 202, 85, 87, 93, 117, 213, 85, 87, 253, 235, 81, 185, 234, 170, 171, 174, 186, 234, 170, 127, 61, 42, 87, 93, 117, 213, 85, 87, 93, 245, 175, 71, 229, 170, 171, 174, 186, 234, 170, 171, 254, 245, 168, 92, 117, 213, 85, 87, 93, 117, 213, 191, 30, 149, 171, 174, 186, 234, 170, 171, 174, 250, 215, 163, 114, 213, 85, 87, 93, 117, 213, 85, 255, 122, 84, 174, 186, 234, 170, 171, 174, 186, 234, 95, 143, 202, 85, 87, 93, 117, 213, 85, 87, 253, 235, 81, 185, 234, 170, 171, 174, 186, 234, 170, 127, 61, 42, 87, 93, 117, 213, 85, 87, 93, 245, 175, 71, 229, 170, 171, 174, 186, 234, 170, 171, 254, 245, 168, 92, 117, 213, 85, 87, 93, 117, 213, 191, 30, 149, 171, 174, 186, 234, 170, 171, 174, 250, 215, 163, 114, 213, 85, 87, 93, 117, 213, 85, 255, 122, 84, 174, 186, 234, 170, 171, 174, 186, 234, 95, 143, 202, 85, 87, 93, 117, 213, 85, 87, 253, 235, 81, 185, 234, 170, 171, 174, 186, 234, 170, 127, 61, 42, 87, 93, 117, 213, 85, 87, 93, 245, 175, 71, 229, 170, 171, 174, 186, 234, 170, 171, 254, 245, 168, 92, 117, 213, 85, 87, 93, 117, 213, 191, 30, 149, 171, 174, 186, 234, 170, 171, 174, 250, 215, 163, 114, 213, 85, 87, 93, 117, 213, 85, 255, 122, 84, 174, 186, 234, 170, 171, 174, 186, 234, 95, 143, 202, 85, 87, 93, 117, 213, 85, 87, 253, 235, 81, 185, 234, 170, 171, 174, 186, 234, 170, 127, 61, 42, 87, 93, 117, 213, 85, 87, 93, 245, 175, 71, 229, 170, 171, 174, 186, 234, 170, 171, 254, 245, 168, 92, 117, 213, 85, 87, 93, 117, 213, 191, 30, 149, 171, 174, 186, 234, 170, 171, 174, 250, 215, 163, 114, 213, 85, 87, 93, 117, 213, 85, 255, 122, 84, 174, 186, 234, 170, 171, 174, 186, 234, 95, 143, 202, 85, 87, 93, 117, 213, 85, 87, 253, 235, 81, 185, 234, 170, 171, 174, 186, 234, 170, 127, 61, 42, 87, 93, 117, 213, 85, 87, 93, 245, 175, 71, 229, 170, 171, 174, 186, 234, 170, 171, 254, 245, 168, 92, 117, 213, 85, 87, 93, 117, 213, 191, 30, 149, 171, 174, 186, 234, 170, 171, 174, 250, 215, 163, 114, 213, 85, 87, 93, 117, 213, 85, 255, 122, 84, 174, 186, 234, 170, 171, 174, 186, 234, 95, 143, 202, 85, 87, 93, 117, 213, 85, 87, 253, 235, 81, 185, 234, 170, 171, 174, 186, 234, 170, 127, 61, 42, 87, 93, 117, 213, 85, 87, 93, 245, 175, 71, 229, 170, 171, 174, 186, 234, 170, 171, 254, 245, 168, 92, 117, 213, 85, 87, 93, 117, 213, 191, 30, 149, 171, 174, 186, 234, 170, 171, 174, 250, 215, 163, 114, 213, 85, 87, 93, 117, 213, 85, 255, 122, 84, 174, 186, 234, 170, 171, 174, 186, 234, 95, 143, 202, 85, 87, 93, 117, 213, 85, 87, 253, 235, 81, 185, 234, 170, 171, 174, 186, 234, 170, 127, 61, 42, 87, 93, 117, 213, 85, 87, 93, 245, 175, 71, 229, 170, 171, 174, 186, 234, 170, 171, 254, 245, 168, 92, 117, 213, 85, 87, 93, 117, 213, 191, 30, 149, 171, 174, 186, 234, 170, 171, 174, 250, 215, 163, 114, 213, 85, 87, 93, 117, 213, 85, 255, 122, 84, 174, 186, 234, 170, 171, 174, 186, 234, 95, 143, 202, 85, 87, 93, 117, 213, 85, 87, 253, 235, 81, 185, 234, 170, 171, 174, 186, 234, 170, 127, 61, 42, 87, 93, 117, 213, 85, 87, 93, 245, 175, 71, 229, 170, 171, 174, 186, 234, 170, 171, 254, 245, 168, 92, 117, 213, 85, 87, 93, 117, 213, 191, 30, 149, 171, 174, 186, 234, 170, 171, 174, 250, 215, 163, 114, 213, 85, 87, 93, 117, 213, 85, 255, 122, 84, 174, 186, 234, 170, 171, 174, 186, 234, 95, 143, 202, 85, 87, 93, 117, 213, 85, 87, 253, 235, 81, 185, 234, 170, 171, 174, 186, 234, 170, 127, 61, 42, 87, 93, 117, 213, 85, 87, 93, 245, 175, 71, 229, 170, 171, 174, 186, 234, 170, 171, 254, 245, 168, 92, 117, 213, 85, 87, 93, 117, 213, 191, 30, 149, 171, 174, 186, 234, 170, 171, 174, 250, 215, 163, 114, 213, 85, 87, 93, 117, 213, 85, 255, 122, 84, 174, 186, 234, 170, 171, 174, 186, 234, 95, 143, 202, 85, 87, 93, 117, 213, 85, 87, 253, 235, 81, 185, 234, 170, 171, 174, 186, 234, 170, 127, 61, 42, 87, 93, 117, 213, 85, 87, 93, 245, 175, 71, 229, 170, 171, 174, 186, 234, 170, 171, 254, 245, 168, 92, 117, 213, 85, 87, 93, 117, 213, 191, 30, 149, 171, 174, 186, 234, 170, 171, 174, 250, 215, 163, 114, 213, 85, 87, 93, 117, 213, 85, 255, 122, 84, 174, 186, 234, 170, 171, 174, 186, 234, 95, 143, 202, 85, 87, 93, 117, 213, 85, 87, 253, 235, 81, 185, 234, 170, 171, 174, 186, 234, 170, 127, 61, 42, 87, 93, 117, 213, 85, 87, 93, 245, 175, 71, 229, 170, 171, 174, 186, 234, 170, 171, 254, 245, 168, 92, 117, 213, 85, 87, 93, 117, 213, 191, 30, 149, 171, 174, 186, 234, 170, 171, 174, 250, 215, 163, 114, 213, 85, 87, 93, 117, 213, 85, 255, 122, 84, 174, 186, 234, 170, 171, 174, 186, 234, 95, 143, 202, 85, 87, 93, 117, 213, 85, 87, 253, 235, 81, 185, 234, 170, 171, 174, 186, 234, 170, 127, 61, 42, 87, 93, 117, 213, 85, 87, 93, 245, 175, 71, 229, 170, 171, 174, 186, 234, 170, 171, 254, 245, 168, 92, 117, 213, 85, 87, 93, 117, 213, 191, 30, 149, 171, 174, 186, 234, 170, 171, 174, 250, 215, 163, 114, 213, 85, 87, 93, 117, 213, 85, 255, 122, 84, 174, 186, 234, 170, 171, 174, 186, 234, 95, 143, 202, 85, 87, 93, 117, 213, 85, 87, 253, 235, 81, 185, 234, 170, 171, 174, 186, 234, 170, 127, 61, 42, 87, 93, 117, 213, 85, 87, 93, 245, 175, 71, 229, 170, 171, 174, 186, 234, 170, 171, 254, 245, 168, 92, 117, 213, 85, 87, 93, 117, 213, 191, 30, 149, 171, 174, 186, 234, 170, 171, 174, 250, 215, 163, 114, 213, 85, 87, 93, 117, 213, 85, 255, 122, 84, 174, 186, 234, 170, 171, 174, 186, 234, 95, 143, 202, 85, 87, 93, 117, 213, 85, 87, 253, 235, 81, 185, 234, 170, 171, 174, 186, 234, 170, 127, 61, 42, 87, 93, 117, 213, 85, 87, 93, 245, 175, 71, 229, 170, 171, 174, 186, 234, 170, 171, 254, 245, 168, 92, 117, 213, 85, 87, 93, 117, 213, 191, 30, 149, 171, 174, 186, 234, 170, 171, 174, 250, 215, 163, 114, 213, 85, 87, 93, 117, 213, 85, 255, 122, 84, 174, 186, 234, 170, 171, 174, 186, 234, 95, 143, 202, 85, 87, 93, 117, 213, 85, 87, 253, 235, 81, 185, 234, 170, 171, 174, 186, 234, 170, 127, 61, 42, 87, 93, 117, 213, 85, 87, 93, 245, 175, 71, 229, 170, 171, 174, 186, 234, 170, 171, 254, 245, 168, 92, 117, 213, 85, 87, 93, 117, 213, 191, 30, 149, 171, 174, 186, 234, 170, 171, 174, 250, 215, 163, 114, 213, 85, 87, 93, 117, 213, 85, 255, 122, 84, 174, 186, 234, 170, 171, 174, 186, 234, 95, 143, 202, 85, 87, 93, 117, 213, 85, 87, 253, 235, 81, 185, 234, 170, 171, 174, 186, 234, 170, 127, 61, 42, 87, 93, 117, 213, 85, 87, 93, 245, 175, 71, 229, 170, 171, 174, 186, 234, 170, 171, 254, 245, 168, 92, 117, 213, 85, 87, 93, 117, 213, 191, 30, 149, 171, 174, 186, 234, 170, 171, 174, 250, 215, 163, 114, 213, 85, 87, 93, 117, 213, 85, 255, 122, 84, 174, 186, 234, 170, 171, 174, 186, 234, 95, 143, 202, 85, 87, 93, 117, 213, 85, 87, 253, 235, 81, 185, 234, 170, 171, 174, 186, 234, 170, 127, 61, 42, 87, 93, 117, 213, 85, 87, 93, 245, 175, 71, 229, 170, 171, 174, 186, 234, 170, 171, 254, 245, 168, 92, 117, 213, 85, 87, 93, 117, 213, 191, 30, 149, 171, 174, 186, 234, 170, 171, 174, 250, 215, 163, 114, 213, 85, 87, 93, 117, 213, 85, 255, 122, 84, 174, 186, 234, 170, 171, 174, 186, 234, 95, 143, 202, 85, 87, 93, 117, 213, 85, 87, 253, 235, 81, 185, 234, 170, 171, 174, 186, 234, 170, 127, 61, 42, 87, 93, 117, 213, 85, 87, 93, 245, 175, 71, 229, 170, 171, 174, 186, 234, 170, 171, 254, 245, 168, 92, 117, 213, 85, 87, 93, 117, 213, 191, 30, 149, 171, 174, 186, 234, 170, 171, 174, 250, 215, 163, 114, 213, 85, 87, 93, 117, 213, 85, 255, 122, 84, 174, 186, 234, 170, 171, 174, 186, 234, 95, 143, 202, 85, 87, 93, 117, 213, 85, 87, 253, 235, 81, 185, 234, 170, 171, 174, 186, 234, 170, 127, 61, 42, 87, 93, 117, 213, 85, 87, 93, 245, 175, 71, 229, 170, 171, 174, 186, 234, 170, 171, 254, 245, 168, 92, 117, 213, 85, 87, 93, 117, 213, 191, 30, 149, 171, 174, 186, 234, 170, 171, 174, 250, 215, 163, 114, 213, 85, 87, 93, 117, 213, 85, 255, 122, 84, 174, 186, 234, 170, 171, 174, 186, 234, 95, 143, 202, 85, 87, 93, 117, 213, 85, 87, 253, 235, 81, 185, 234, 170, 171, 174, 186, 234, 170, 127, 61, 42, 87, 93, 117, 213, 85, 87, 93, 245, 175, 71, 229, 170, 171, 174, 186, 234, 170, 171, 254, 245, 168, 92, 117, 213, 85, 87, 93, 117, 213, 191, 30, 149, 171, 174, 186, 234, 170, 171, 174, 250, 215, 163, 114, 213, 85, 87, 93, 117, 213, 85, 255, 122, 84, 174, 186, 234, 170, 171, 174, 186, 234, 95, 143, 202, 85, 87, 93, 117, 213, 85, 87, 253, 235, 81, 185, 234, 170, 171, 174, 186, 234, 170, 127, 61, 42, 87, 93, 117, 213, 85, 87, 93, 245, 175, 71, 229, 170, 171, 174, 186, 234, 170, 171, 254, 245, 168, 92, 117, 213, 85, 87, 93, 117, 213, 191, 30, 149, 171, 174, 186, 234, 170, 171, 174, 250, 215, 163, 114, 213, 85, 87, 93, 117, 213, 85, 255, 122, 84, 174, 186, 234, 170, 171, 174, 186, 234, 95, 143, 202, 85, 87, 93, 117, 213, 85, 87, 253, 235, 81, 185, 234, 170, 171, 174, 186, 234, 170, 127, 61, 42, 87, 93, 117, 213, 85, 87, 93, 245, 175, 71, 229, 170, 171, 174, 186, 234, 170, 171, 254, 245, 168, 92, 117, 213, 85, 87, 93, 117, 213, 191, 30, 149, 171, 174, 186, 234, 170, 171, 174, 250, 215, 163, 114, 213, 85, 87, 93, 117, 213, 85, 255, 122, 84, 174, 186, 234, 170, 171, 174, 186, 234, 95, 143, 202, 85, 87, 93, 117, 213, 85, 87, 253, 235, 81, 185, 234, 170, 171, 174, 186, 234, 170, 127, 61, 42, 87, 93, 117, 213, 85, 87, 93, 245, 175, 71, 229, 170, 171, 174, 186, 234, 170, 171, 254, 245, 168, 92, 117, 213, 85, 87, 93, 117, 213, 191, 30, 149, 171, 174, 186, 234, 170, 171, 174, 250, 215, 163, 114, 213, 85, 87, 93, 117, 213, 85, 255, 122, 84, 174, 186, 234, 170, 171, 174, 186, 234, 95, 143, 202, 85, 87, 93, 117, 213, 85, 87, 253, 235, 81, 185, 234, 170, 171, 174, 186, 234, 170, 127, 61, 42, 87, 93, 117, 213, 85, 87, 93, 245, 175, 71, 229, 170, 171, 174, 186, 234, 170, 171, 254, 245, 168, 92, 117, 213, 85, 87, 93, 117, 213, 191, 30, 149, 171, 174, 186, 234, 170, 171, 174, 250, 215, 163, 114, 213, 85, 87, 93, 117, 213, 85, 255, 122, 84, 174, 186, 234, 170, 171, 174, 186, 234, 95, 143, 202, 85, 87, 93, 117, 213, 85, 87, 253, 235, 81, 185, 234, 170, 171, 174, 186, 234, 170, 127, 61, 42, 87, 93, 117, 213, 85, 87, 93, 245, 175, 71, 229, 170, 171, 174, 186, 234, 170, 171, 254, 245, 168, 92, 117, 213, 85, 87, 93, 117, 213, 191, 30, 149, 171, 174, 186, 234, 170, 171, 174, 250, 215, 163, 114, 213, 85, 87, 93, 117, 213, 85, 255, 122, 84, 174, 186, 234, 170, 171, 174, 186, 234, 95, 143, 202, 85, 87, 93, 117, 213, 85, 87, 253, 235, 81, 185, 234, 170, 171, 174, 186, 234, 170, 127, 61, 42, 87, 93, 117, 213, 85, 87, 93, 245, 175, 71, 229, 170, 171, 174, 186, 234, 170, 171, 254, 245, 168, 92, 117, 213, 85, 87, 93, 117, 213, 191, 30, 149, 171, 174, 186, 234, 170, 171, 174, 250, 215, 163, 114, 213, 85, 87, 93, 117, 213, 85, 255, 122, 84, 174, 186, 234, 170, 171, 174, 186, 234, 95, 143, 202, 85, 87, 93, 117, 213, 85, 87, 253, 235, 81, 185, 234, 170, 171, 174, 186, 234, 170, 127, 61, 42, 87, 93, 117, 213, 85, 87, 93, 245, 175, 71, 229, 170, 171, 174, 186, 234, 170, 171, 254, 245, 168, 92, 117, 213, 85, 87, 93, 117, 213, 191, 30, 149, 171, 174, 186, 234, 170, 171, 174, 250, 215, 163, 114, 213, 85, 87, 93, 117, 213, 85, 255, 122, 84, 174, 186, 234, 170, 171, 174, 186, 234, 95, 143, 202, 85, 87, 93, 117, 213, 85, 87, 253, 235, 81, 185, 234, 170, 171, 174, 186, 234, 170, 127, 61, 42, 87, 93, 117, 213, 85, 87, 93, 245, 175, 71, 229, 170, 171, 174, 186, 234, 170, 171, 254, 245, 168, 92, 117, 213, 85, 87, 93, 117, 213, 191, 30, 149, 171, 174, 186, 234, 170, 171, 174, 250, 215, 163, 114, 213, 85, 87, 93, 117, 213, 85, 255, 122, 84, 174, 186, 234, 170, 171, 174, 186, 234, 95, 143, 202, 85, 87, 93, 117, 213, 85, 87, 253, 235, 81, 185, 234, 170, 171, 174, 186, 234, 170, 127, 61, 42, 87, 93, 117, 213, 85, 87, 93, 245, 175, 71, 229, 170, 171, 174, 186, 234, 170, 171, 254, 245, 168, 92, 117, 213, 85, 87, 93, 117, 213, 191, 30, 149, 171, 174, 186, 234, 170, 171, 174, 250, 215, 163, 114, 213, 85, 87, 93, 117, 213, 85, 255, 122, 84, 174, 186, 234, 170, 171, 174, 186, 234, 95, 143, 202, 85, 87, 93, 117, 213, 85, 87, 253, 235, 81, 185, 234, 170, 171, 174, 186, 234, 170, 127, 61, 42, 87, 93, 117, 213, 85, 87, 93, 245, 175, 71, 229, 170, 171, 174, 186, 234, 170, 171, 254, 245, 168, 92, 117, 213, 85, 87, 93, 117, 213, 191, 30, 149, 171, 174, 186, 234, 170, 171, 174, 250, 215, 163, 114, 213, 85, 87, 93, 117, 213, 85, 255, 122, 84, 174, 186, 234, 170, 171, 174, 186, 234, 95, 143, 202, 85, 87, 93, 117, 213, 85, 87, 253, 235, 81, 185, 234, 170, 171, 174, 186, 234, 170, 127, 61, 42, 87, 93, 117, 213, 85, 87, 93, 245, 175, 71, 229, 170, 171, 174, 186, 234, 170, 171, 254, 245, 168, 92, 117, 213, 85, 87, 93, 117, 213, 191, 30, 149, 171, 174, 186, 234, 170, 171, 174, 250, 215, 163, 114, 213, 85, 87, 93, 117, 213, 85, 255, 122, 84, 174, 186, 234, 170, 171, 174, 186, 234, 95, 143, 202, 85, 87, 93, 117, 213, 85, 87, 253, 235, 81, 185, 234, 170, 171, 174, 186, 234, 170, 127, 61, 42, 87, 93, 117, 213, 85, 87, 93, 245, 175, 71, 229, 170, 171, 174, 186, 234, 170, 171, 254, 245, 168, 92, 117, 213, 85, 87, 93, 117, 213, 191, 30, 149, 171, 174, 186, 234, 170, 171, 174, 250, 215, 163, 114, 213, 85, 87, 93, 117, 213, 85, 255, 122, 84, 174, 186, 234, 170, 171, 174, 186, 234, 95, 143, 202, 85, 87, 93, 117, 213, 85, 87, 253, 235, 81, 185, 234, 170, 171, 174, 186, 234, 170, 127, 61, 42, 87, 93, 117, 213, 85, 87, 93, 245, 175, 71, 229, 170, 171, 174, 186, 234, 170, 171, 254, 245, 168, 92, 117, 213, 85, 87, 93, 117, 213, 191, 30, 149, 171, 174, 186, 234, 170, 171, 174, 250, 215, 163, 114, 213, 85, 87, 93, 117, 213, 85, 255, 122, 84, 174, 186, 234, 170, 171, 174, 186, 234, 95, 143, 202, 85, 87, 93, 117, 213, 85, 87, 253, 235, 81, 185, 234, 170, 171, 174, 186, 234, 170, 127, 61, 42, 87, 93, 117, 213, 85, 87, 93, 245, 175, 71, 229, 170, 171, 174, 186, 234, 170, 171, 254, 245, 168, 92, 117, 213, 85, 87, 93, 117, 213, 191, 30, 149, 171, 174, 186, 234, 170, 171, 174, 250, 215, 163, 114, 213, 85, 87, 93, 117, 213, 85, 255, 122, 84, 174, 186, 234, 170, 171, 174, 186, 234, 95, 143, 202, 85, 87, 93, 117, 213, 85, 87, 253, 235, 81, 185, 234, 170, 171, 174, 186, 234, 170, 127, 61, 42, 87, 93, 117, 213, 85, 87, 93, 245, 175, 71, 229, 170, 171, 174, 186, 234, 170, 171, 254, 245, 168, 92, 117, 213, 85, 87, 93, 117, 213, 191, 30, 149, 171, 174, 186, 234, 170, 171, 174, 250, 215, 163, 114, 213, 85, 87, 93, 117, 213, 85, 255, 122, 84, 174, 186, 234, 170, 171, 174, 186, 234, 95, 143, 202, 85, 87, 93, 117, 213, 85, 87, 253, 235, 81, 185, 234, 170, 171, 174, 186, 234, 170, 127, 61, 42, 87, 93, 117, 213, 85, 87, 93, 245, 175, 71, 229, 170, 171, 174, 186, 234, 170, 171, 254, 245, 168, 92, 117, 213, 85, 87, 93, 117, 213, 191, 30, 149, 171, 174, 186, 234, 170, 171, 174, 250, 215, 163, 114, 213, 85, 87, 93, 117, 213, 85, 255, 122, 84, 174, 186, 234, 170, 171, 174, 186, 234, 95, 143, 202, 85, 87, 93, 117, 213, 85, 87, 253, 235, 81, 185, 234, 170, 171, 174, 186, 234, 170, 127, 61, 42, 87, 93, 117, 213, 85, 87, 93, 245, 175, 71, 229, 170, 171, 174, 186, 234, 170, 171, 254, 245, 168, 92, 117, 213, 85, 87, 93, 117, 213, 191, 30, 149, 171, 174, 186, 234, 170, 171, 174, 250, 215, 163, 114, 213, 85, 87, 93, 117, 213, 85, 255, 122, 84, 174, 186, 234, 170, 171, 174, 186, 234, 95, 143, 202, 85, 87, 93, 117, 213, 85, 87, 253, 235, 81, 185, 234, 170, 171, 174, 186, 234, 170, 127, 61, 42, 87, 93, 117, 213, 85, 87, 93, 245, 175, 71, 229, 170, 171, 174, 186, 234, 170, 171, 254, 245, 168, 92, 117, 213, 85, 87, 93, 117, 213, 191, 30, 149, 171, 174, 186, 234, 170, 171, 174, 250, 215, 163, 114, 213, 85, 87, 93, 117, 213, 85, 255, 122, 84, 174, 186, 234, 170, 171, 174, 186, 234, 95, 143, 202, 85, 87, 93, 117, 213, 85, 87, 253, 235, 81, 185, 234, 170, 171, 174, 186, 234, 170, 127, 61, 42, 87, 93, 117, 213, 85, 87, 93, 245, 175, 71, 229, 170, 171, 174, 186, 234, 170, 171, 254, 245, 168, 92, 117, 213, 85, 87, 93, 117, 213, 191, 30, 149, 171, 174, 186, 234, 170, 171, 174, 250, 215, 163, 114, 213, 85, 87, 93, 117, 213, 85, 255, 122, 84, 174, 186, 234, 170, 171, 174, 186, 234, 95, 143, 202, 85, 87, 93, 117, 213, 85, 87, 253, 235, 81, 185, 234, 170, 171, 174, 186, 234, 170, 127, 61, 42, 87, 93, 117, 213, 85, 87, 93, 245, 175, 71, 229, 170, 171, 174, 186, 234, 170, 171, 254, 245, 168, 92, 117, 213, 85, 87, 93, 117, 213, 191, 30, 149, 171, 174, 186, 234, 170, 171, 174, 250, 215, 163, 114, 213, 85, 87, 93, 117, 213, 85, 255, 122, 84, 174, 186, 234, 170, 171, 174, 186, 234, 95, 143, 202, 85, 87, 93, 117, 213, 85, 87, 253, 235, 81, 185, 234, 170, 171, 174, 186, 234, 170, 127, 61, 42, 87, 93, 117, 213, 85, 87, 93, 245, 175, 71, 229, 170, 171, 174, 186, 234, 170, 171, 254, 245, 168, 92, 117, 213, 85, 87, 93, 117, 213, 191, 30, 149, 171, 174, 186, 234, 170, 171, 174, 250, 215, 163, 114, 213, 85, 87, 93, 117, 213, 85, 255, 122, 84, 174, 186, 234, 170, 171, 174, 186, 234, 95, 143, 202, 85, 87, 93, 117, 213, 85, 87, 253, 235, 81, 185, 234, 170, 171, 174, 186, 234, 170, 127, 61, 42, 87, 93, 117, 213, 85, 87, 93, 245, 175, 71, 229, 170, 171, 174, 186, 234, 170, 171, 254, 245, 168, 92, 117, 213, 85, 87, 93, 117, 213, 191, 30, 149, 171, 174, 186, 234, 170, 171, 174, 250, 215, 163, 114, 213, 85, 87, 93, 117, 213, 85, 255, 122, 84, 174, 186, 234, 170, 171, 174, 186, 234, 95, 143, 202, 85, 87, 93, 117, 213, 85, 87, 253, 235, 81, 185, 234, 170, 171, 174, 186, 234, 170, 127, 61, 42, 87, 93, 117, 213, 85, 87, 93, 245, 175, 71, 229, 170, 171, 174, 186, 234, 170, 171, 254, 245, 168, 92, 117, 213, 85, 87, 93, 117, 213, 191, 30, 149, 171, 174, 186, 234, 170, 171, 174, 250, 215, 163, 114, 213, 85, 87, 93, 117, 213, 85, 255, 122, 84, 174, 186, 234, 170, 171, 174, 186, 234, 95, 143, 202, 85, 87, 93, 117, 213, 85, 87, 253, 235, 81, 185, 234, 170, 171, 174, 186, 234, 170, 127, 61, 42, 87, 93, 117, 213, 85, 87, 93, 245, 175, 71, 229, 170, 171, 174, 186, 234, 170, 171, 254, 245, 168, 92, 117, 213, 85, 87, 93, 117, 213, 191, 30, 149, 171, 174, 186, 234, 170, 171, 174, 250, 215, 163, 114, 213, 85, 87, 93, 117, 213, 85, 255, 122, 84, 174, 186, 234, 170, 171, 174, 186, 234, 95, 143, 202, 85, 87, 93, 117, 213, 85, 87, 253, 235, 81, 185, 234, 170, 171, 174, 186, 234, 170, 127, 61, 42, 87, 93, 117, 213, 85, 87, 93, 245, 175, 71, 229, 170, 171, 174, 186, 234, 170, 171, 254, 245, 168, 92, 117, 213, 85, 87, 93, 117, 213, 191, 30, 149, 171, 174, 186, 234, 170, 171, 174, 250, 215, 163, 114, 213, 85, 87, 93, 117, 213, 85, 255, 122, 84, 174, 186, 234, 170, 171, 174, 186, 234, 95, 143, 202, 85, 87, 93, 117, 213, 85, 87, 253, 235, 81, 185, 234, 170, 171, 174, 186, 234, 170, 127, 61, 42, 87, 93, 117, 213, 85, 87, 93, 245, 175, 71, 229, 170, 171, 174, 186, 234, 170, 171, 254, 245, 168, 92, 117, 213, 85, 87, 93, 117, 213, 191, 30, 149, 171, 174, 186, 234, 170, 171, 174, 250, 215, 163, 114, 213, 85, 87, 93, 117, 213, 85, 255, 122, 84, 174, 186, 234, 170, 171, 174, 186, 234, 95, 143, 202, 85, 87, 93, 117, 213, 85, 87, 253, 235, 81, 185, 234, 170, 171, 174, 186, 234, 170, 127, 61, 42, 87, 93, 117, 213, 85, 87, 93, 245, 175, 71, 229, 170, 171, 174, 186, 234, 170, 171, 254, 245, 168, 92, 117, 213, 85, 87, 93, 117, 213, 191, 30, 149, 171, 174, 186, 234, 170, 171, 174, 250, 215, 163, 114, 213, 85, 87, 93, 117, 213, 85, 255, 122, 84, 174, 186, 234, 170, 171, 174, 186, 234, 95, 143, 202, 85, 87, 93, 117, 213, 85, 87, 253, 235, 81, 185, 234, 170, 171, 174, 186, 234, 170, 127, 61, 42, 87, 93, 117, 213, 85, 87, 93, 245, 175, 71, 229, 170, 171, 174, 186, 234, 170, 171, 254, 245, 168, 92, 117, 213, 85, 87, 93, 117, 213, 191, 30, 149, 171, 174, 186, 234, 170, 171, 174, 250, 215, 227, 31, 1, 126, 136, 6, 65, 26, 138, 171, 2, 0, 0, 0, 0, 73, 69, 78, 68, 174, 66, 96, 130]
 right: [137, 80, 78, 71, 13, 10, 26, 10, 0, 0, 0, 13, 73, 72, 68, 82, 0, 0, 1, 144, 0, 0, 1, 144, 8, 6, 0, 0, 0, 128, 191, 54, 204, 0, 0, 16, 214, 73, 68, 65, 84, 120, 1, 237, 192, 3, 160, 36, 89, 150, 198, 241, 255, 119, 238, 141, 200, 204, 167, 114, 75, 99, 174, 109, 219, 182, 109, 219, 182, 109, 219, 182, 109, 105, 140, 158, 150, 74, 175, 158, 50, 51, 34, 238, 249, 118, 183, 106, 122, 166, 135, 59, 107, 213, 175, 114, 213, 85, 87, 93, 117, 213, 85, 255, 122, 84, 174, 186, 234, 170, 171, 174, 186, 234, 95, 143, 202, 85, 87, 93, 117, 213, 85, 87, 253, 235, 81, 185, 234, 170, 171, 174, 186, 234, 170, 127, 61, 42, 87, 93, 117, 213, 85, 87, 93, 245, 175, 71, 229, 170, 171, 174, 186, 234, 170, 171, 254, 245, 168, 92, 117, 213, 85, 87, 93, 117, 213, 191, 30, 149, 171, 174, 186, 234, 170, 171, 174, 250, 215, 163, 114, 213, 85, 87, 93, 117, 213, 85, 255, 122, 84, 174, 186, 234, 170, 171, 174, 186, 234, 95, 143, 202, 85, 87, 93, 117, 213, 85, 87, 253, 235, 81, 185, 234, 170, 171, 174, 186, 234, 170, 127, 61, 42, 87, 93, 117, 213, 85, 87, 93, 245, 175, 71, 229, 170, 171, 174, 186, 234, 170, 171, 254, 245, 168, 92, 117, 213, 85, 87, 93, 117, 213, 191, 30, 149, 171, 174, 186, 234, 170, 171, 174, 250, 215, 163, 114, 213, 85, 87, 93, 117, 213, 85, 255, 122, 84, 174, 186, 234, 170, 171, 174, 186, 234, 95, 143, 202, 85, 87, 93, 117, 213, 85, 87, 253, 235, 81, 185, 234, 170, 171, 174, 186, 234, 170, 127, 61, 42, 87, 93, 117, 213, 85, 87, 93, 245, 175, 71, 229, 170, 171, 174, 186, 234, 170, 171, 254, 245, 168, 92, 117, 213, 85, 87, 93, 117, 213, 191, 30, 149, 171, 174, 186, 234, 170, 171, 174, 250, 215, 163, 114, 213, 85, 87, 93, 117, 213, 85, 255, 122, 84, 174, 186, 234, 170, 171, 174, 186, 234, 95, 143, 202, 85, 87, 93, 117, 213, 85, 87, 253, 235, 81, 185, 234, 170, 171, 174, 186, 234, 170, 127, 61, 42, 87, 93, 117, 213, 85, 87, 93, 245, 175, 71, 229, 170, 171, 174, 186, 234, 170, 171, 254, 245, 168, 92, 117, 213, 85, 87, 93, 117, 213, 191, 30, 149, 171, 174, 186, 234, 170, 171, 174, 250, 215, 163, 114, 213, 85, 87, 93, 117, 213, 85, 255, 122, 84, 174, 186, 234, 170, 171, 174, 186, 234, 95, 143, 202, 85, 87, 93, 117, 213, 85, 87, 253, 235, 81, 185, 234, 170, 171, 174, 186, 234, 170, 127, 61, 42, 87, 93, 117, 213, 85, 87, 93, 245, 175, 71, 229, 170, 171, 174, 186, 234, 170, 171, 254, 245, 168, 92, 117, 213, 85, 87, 93, 117, 213, 191, 30, 149, 171, 174, 186, 234, 170, 171, 174, 250, 215, 163, 114, 213, 85, 87, 93, 117, 213, 85, 255, 122, 84, 174, 186, 234, 170, 171, 174, 186, 234, 95, 143, 202, 85, 87, 93, 117, 213, 85, 87, 253, 235, 81, 185, 234, 170, 171, 174, 186, 234, 170, 127, 61, 42, 87, 93, 117, 213, 85, 87, 93, 245, 175, 71, 229, 170, 171, 174, 186, 234, 170, 171, 254, 245, 168, 92, 117, 213, 85, 87, 93, 117, 213, 191, 30, 149, 171, 174, 186, 234, 170, 171, 174, 250, 215, 163, 114, 213, 85, 87, 93, 117, 213, 85, 255, 122, 84, 174, 186, 234, 170, 171, 174, 186, 234, 95, 143, 202, 85, 87, 93, 117, 213, 85, 87, 253, 235, 81, 185, 234, 170, 171, 174, 186, 234, 170, 127, 61, 42, 87, 93, 117, 213, 85, 87, 93, 245, 175, 71, 229, 170, 171, 174, 186, 234, 170, 171, 254, 245, 168, 92, 117, 213, 85, 87, 93, 117, 213, 191, 30, 149, 171, 174, 186, 234, 170, 171, 174, 250, 215, 163, 114, 213, 85, 87, 93, 117, 213, 85, 255, 122, 84, 174, 186, 234, 170, 171, 174, 186, 234, 95, 143, 202, 85, 87, 93, 117, 213, 85, 87, 253, 235, 81, 185, 234, 170, 171, 174, 186, 234, 170, 127, 61, 42, 87, 93, 117, 213, 85, 87, 93, 245, 175, 71, 229, 170, 171, 174, 186, 234, 170, 171, 254, 245, 168, 92, 117, 213, 85, 87, 93, 117, 213, 191, 30, 149, 171, 174, 186, 234, 170, 171, 174, 250, 215, 163, 114, 213, 85, 87, 93, 117, 213, 85, 255, 122, 84, 174, 186, 234, 170, 171, 174, 186, 234, 95, 143, 202, 85, 87, 93, 117, 213, 85, 87, 253, 235, 81, 185, 234, 170, 171, 174, 186, 234, 170, 127, 61, 42, 87, 93, 117, 213, 85, 87, 93, 245, 175, 71, 229, 170, 171, 174, 186, 234, 170, 171, 254, 245, 168, 92, 117, 213, 85, 87, 93, 117, 213, 191, 30, 149, 171, 174, 186, 234, 170, 171, 174, 250, 215, 163, 114, 213, 85, 87, 93, 117, 213, 85, 255, 122, 84, 174, 186, 234, 170, 171, 174, 186, 234, 95, 143, 202, 85, 87, 93, 117, 213, 85, 87, 253, 235, 81, 185, 234, 170, 171, 174, 186, 234, 170, 127, 61, 42, 87, 93, 117, 213, 85, 87, 93, 245, 175, 71, 229, 170, 171, 174, 186, 234, 170, 171, 254, 245, 168, 92, 117, 213, 85, 87, 93, 117, 213, 191, 30, 149, 171, 174, 186, 234, 170, 171, 174, 250, 215, 163, 114, 213, 85, 87, 93, 117, 213, 85, 255, 122, 84, 174, 186, 234, 170, 171, 174, 186, 234, 95, 143, 202, 85, 87, 93, 117, 213, 85, 87, 253, 235, 81, 185, 234, 170, 171, 174, 186, 234, 170, 127, 61, 42, 87, 93, 117, 213, 85, 87, 93, 245, 175, 71, 229, 170, 171, 174, 186, 234, 170, 171, 254, 245, 168, 92, 117, 213, 85, 87, 93, 117, 213, 191, 30, 149, 171, 174, 186, 234, 170, 171, 174, 250, 215, 163, 114, 213, 85, 87, 93, 117, 213, 85, 255, 122, 84, 174, 186, 234, 170, 171, 174, 186, 234, 95, 143, 202, 85, 87, 93, 117, 213, 85, 87, 253, 235, 81, 185, 234, 170, 171, 174, 186, 234, 170, 127, 61, 42, 87, 93, 117, 213, 85, 87, 93, 245, 175, 71, 229, 170, 171, 174, 186, 234, 170, 171, 254, 245, 168, 92, 117, 213, 85, 87, 93, 117, 213, 191, 30, 149, 171, 174, 186, 234, 170, 171, 174, 250, 215, 163, 114, 213, 85, 87, 93, 117, 213, 85, 255, 122, 84, 174, 186, 234, 170, 171, 174, 186, 234, 95, 143, 202, 85, 87, 93, 117, 213, 85, 87, 253, 235, 81, 185, 234, 170, 171, 174, 186, 234, 170, 127, 61, 42, 87, 93, 117, 213, 85, 87, 93, 245, 175, 71, 229, 170, 171, 174, 186, 234, 170, 171, 254, 245, 168, 92, 117, 213, 85, 87, 93, 117, 213, 191, 30, 149, 171, 174, 186, 234, 170, 171, 174, 250, 215, 163, 114, 213, 85, 87, 93, 117, 213, 85, 255, 122, 84, 174, 186, 234, 170, 171, 174, 186, 234, 95, 143, 202, 85, 87, 93, 117, 213, 85, 87, 253, 235, 81, 185, 234, 170, 171, 174, 186, 234, 170, 127, 61, 42, 87, 93, 117, 213, 85, 87, 93, 245, 175, 71, 229, 170, 171, 174, 186, 234, 170, 171, 254, 245, 168, 92, 117, 213, 85, 87, 93, 117, 213, 191, 30, 149, 171, 174, 186, 234, 170, 171, 174, 250, 215, 163, 114, 213, 85, 87, 93, 117, 213, 85, 255, 122, 84, 174, 186, 234, 170, 171, 174, 186, 234, 95, 143, 202, 85, 87, 93, 117, 213, 85, 87, 253, 235, 81, 185, 234, 170, 171, 174, 186, 234, 170, 127, 61, 42, 87, 93, 117, 213, 85, 87, 93, 245, 175, 71, 229, 170, 171, 174, 186, 234, 170, 171, 254, 245, 168, 92, 117, 213, 85, 87, 93, 117, 213, 191, 30, 149, 171, 174, 186, 234, 170, 171, 174, 250, 215, 163, 114, 213, 85, 87, 93, 117, 213, 85, 255, 122, 84, 174, 186, 234, 170, 171, 174, 186, 234, 95, 143, 202, 85, 87, 93, 117, 213, 85, 87, 253, 235, 81, 185, 234, 170, 171, 174, 186, 234, 170, 127, 61, 42, 87, 93, 117, 213, 85, 87, 93, 245, 175, 71, 229, 170, 171, 174, 186, 234, 170, 171, 254, 245, 168, 92, 117, 213, 85, 87, 93, 117, 213, 191, 30, 149, 171, 174, 186, 234, 170, 171, 174, 250, 215, 163, 114, 213, 85, 87, 93, 117, 213, 85, 255, 122, 84, 174, 186, 234, 170, 171, 174, 186, 234, 95, 143, 202, 85, 87, 93, 117, 213, 85, 87, 253, 235, 81, 185, 234, 170, 171, 174, 186, 234, 170, 127, 61, 42, 87, 93, 117, 213, 85, 87, 93, 245, 175, 71, 229, 170, 171, 174, 186, 234, 170, 171, 254, 245, 168, 92, 117, 213, 85, 87, 93, 117, 213, 191, 30, 149, 171, 174, 186, 234, 170, 171, 174, 250, 215, 163, 114, 213, 85, 87, 93, 117, 213, 85, 255, 122, 84, 174, 186, 234, 170, 171, 174, 186, 234, 95, 143, 202, 85, 87, 93, 117, 213, 85, 87, 253, 235, 81, 185, 234, 170, 171, 174, 186, 234, 170, 127, 61, 42, 87, 93, 117, 213, 85, 87, 93, 245, 175, 71, 229, 170, 171, 174, 186, 234, 170, 171, 254, 245, 168, 92, 117, 213, 85, 87, 93, 117, 213, 191, 30, 149, 171, 174, 186, 234, 170, 171, 174, 250, 215, 163, 114, 213, 85, 87, 93, 117, 213, 85, 255, 122, 84, 174, 186, 234, 170, 171, 174, 186, 234, 95, 143, 202, 85, 87, 93, 117, 213, 85, 87, 253, 235, 81, 185, 234, 170, 171, 174, 186, 234, 170, 127, 61, 42, 87, 93, 117, 213, 85, 87, 93, 245, 175, 71, 229, 170, 171, 174, 186, 234, 170, 171, 254, 245, 168, 92, 117, 213, 85, 87, 93, 117, 213, 191, 30, 149, 171, 174, 186, 234, 170, 171, 174, 250, 215, 163, 114, 213, 85, 87, 93, 117, 213, 85, 255, 122, 84, 174, 186, 234, 170, 171, 174, 186, 234, 95, 143, 202, 85, 87, 93, 117, 213, 85, 87, 253, 235, 81, 185, 234, 170, 171, 174, 186, 234, 170, 127, 61, 42, 87, 93, 117, 213, 85, 87, 93, 245, 175, 71, 229, 170, 171, 174, 186, 234, 170, 171, 254, 245, 168, 92, 117, 213, 85, 87, 93, 117, 213, 191, 30, 149, 171, 174, 186, 234, 170, 171, 174, 250, 215, 163, 114, 213, 85, 87, 93, 117, 213, 85, 255, 122, 84, 174, 186, 234, 170, 171, 174, 186, 234, 95, 143, 202, 85, 87, 93, 117, 213, 85, 87, 253, 235, 81, 185, 234, 170, 171, 174, 186, 234, 170, 127, 61, 42, 87, 93, 117, 213, 85, 87, 93, 245, 175, 71, 229, 170, 171, 174, 186, 234, 170, 171, 254, 245, 168, 92, 117, 213, 85, 87, 93, 117, 213, 191, 30, 149, 171, 174, 186, 234, 170, 171, 174, 250, 215, 163, 114, 213, 85, 87, 93, 117, 213, 85, 255, 122, 84, 174, 186, 234, 170, 171, 174, 186, 234, 95, 143, 202, 85, 87, 93, 117, 213, 85, 87, 253, 235, 81, 185, 234, 170, 171, 174, 186, 234, 170, 127, 61, 42, 87, 93, 117, 213, 85, 87, 93, 245, 175, 71, 229, 170, 171, 174, 186, 234, 170, 171, 254, 245, 168, 92, 117, 213, 85, 87, 93, 117, 213, 191, 30, 149, 171, 174, 186, 234, 170, 171, 174, 250, 215, 163, 114, 213, 85, 87, 93, 117, 213, 85, 255, 122, 84, 174, 186, 234, 170, 171, 174, 186, 234, 95, 143, 202, 85, 87, 93, 117, 213, 85, 87, 253, 235, 81, 185, 234, 170, 171, 174, 186, 234, 170, 127, 61, 42, 87, 93, 117, 213, 85, 87, 93, 245, 175, 71, 229, 170, 171, 174, 186, 234, 170, 171, 254, 245, 168, 92, 117, 213, 85, 87, 93, 117, 213, 191, 30, 149, 171, 174, 186, 234, 170, 171, 174, 250, 215, 163, 114, 213, 85, 87, 93, 117, 213, 85, 255, 122, 84, 174, 186, 234, 170, 171, 174, 186, 234, 95, 143, 202, 85, 87, 93, 117, 213, 85, 87, 253, 235, 81, 185, 234, 170, 171, 174, 186, 234, 170, 127, 61, 42, 87, 93, 117, 213, 85, 87, 93, 245, 175, 71, 229, 170, 171, 174, 186, 234, 170, 171, 254, 245, 168, 92, 117, 213, 85, 87, 93, 117, 213, 191, 30, 149, 171, 174, 186, 234, 170, 171, 174, 250, 215, 163, 114, 213, 85, 87, 93, 117, 213, 85, 255, 122, 84, 174, 186, 234, 170, 171, 174, 186, 234, 95, 143, 202, 85, 87, 93, 117, 213, 85, 87, 253, 235, 81, 185, 234, 170, 171, 174, 186, 234, 170, 127, 61, 42, 87, 93, 117, 213, 85, 87, 93, 245, 175, 71, 229, 170, 171, 174, 186, 234, 170, 171, 254, 245, 168, 92, 117, 213, 85, 87, 93, 117, 213, 191, 30, 149, 171, 174, 186, 234, 170, 171, 174, 250, 215, 163, 114, 213, 85, 87, 93, 117, 213, 85, 255, 122, 84, 174, 186, 234, 170, 171, 174, 186, 234, 95, 143, 202, 85, 87, 93, 117, 213, 85, 87, 253, 235, 81, 185, 234, 170, 171, 174, 186, 234, 170, 127, 61, 42, 87, 93, 117, 213, 85, 87, 93, 245, 175, 71, 229, 170, 171, 174, 186, 234, 170, 171, 254, 245, 168, 92, 117, 213, 85, 87, 93, 117, 213, 191, 30, 149, 171, 174, 186, 234, 170, 171, 174, 250, 215, 163, 114, 213, 85, 87, 93, 117, 213, 85, 255, 122, 84, 174, 186, 234, 170, 171, 174, 186, 234, 95, 143, 202, 85, 87, 93, 117, 213, 85, 87, 253, 235, 81, 185, 234, 170, 171, 174, 186, 234, 170, 127, 61, 42, 87, 93, 117, 213, 85, 87, 93, 245, 175, 71, 229, 170, 171, 174, 186, 234, 170, 171, 254, 245, 168, 92, 117, 213, 85, 87, 93, 117, 213, 191, 30, 149, 171, 174, 186, 234, 170, 171, 174, 250, 215, 163, 114, 213, 85, 87, 93, 117, 213, 85, 255, 122, 84, 174, 186, 234, 170, 171, 174, 186, 234, 95, 143, 202, 85, 87, 93, 117, 213, 85, 87, 253, 235, 81, 185, 234, 170, 171, 174, 186, 234, 170, 127, 61, 42, 87, 93, 117, 213, 85, 87, 93, 245, 175, 71, 229, 170, 171, 174, 186, 234, 170, 171, 254, 245, 168, 92, 117, 213, 85, 87, 93, 117, 213, 191, 30, 149, 171, 174, 186, 234, 170, 171, 174, 250, 215, 163, 114, 213, 85, 87, 93, 117, 213, 85, 255, 122, 84, 174, 186, 234, 170, 171, 174, 186, 234, 95, 143, 202, 85, 87, 93, 117, 213, 85, 87, 253, 235, 81, 185, 234, 170, 171, 174, 186, 234, 170, 127, 61, 42, 87, 93, 117, 213, 85, 87, 93, 245, 175, 71, 229, 170, 171, 174, 186, 234, 170, 171, 254, 245, 168, 92, 117, 213, 85, 87, 93, 117, 213, 191, 30, 149, 171, 174, 186, 234, 170, 171, 174, 250, 215, 163, 114, 213, 85, 87, 93, 117, 213, 85, 255, 122, 84, 174, 186, 234, 170, 171, 174, 186, 234, 95, 143, 202, 85, 87, 93, 117, 213, 85, 87, 253, 235, 81, 185, 234, 170, 171, 174, 186, 234, 170, 127, 61, 42, 87, 93, 117, 213, 85, 87, 93, 245, 175, 71, 229, 170, 171, 174, 186, 234, 170, 171, 254, 245, 168, 92, 117, 213, 85, 87, 93, 117, 213, 191, 30, 149, 171, 174, 186, 234, 170, 171, 174, 250, 215, 163, 114, 213, 85, 87, 93, 117, 213, 85, 255, 122, 84, 174, 186, 234, 170, 171, 174, 186, 234, 95, 143, 202, 85, 87, 93, 117, 213, 85, 87, 253, 235, 81, 185, 234, 170, 171, 174, 186, 234, 170, 127, 61, 42, 87, 93, 117, 213, 85, 87, 93, 245, 175, 71, 229, 170, 171, 174, 186, 234, 170, 171, 254, 245, 168, 92, 117, 213, 85, 87, 93, 117, 213, 191, 30, 149, 171, 174, 186, 234, 170, 171, 174, 250, 215, 163, 114, 213, 85, 87, 93, 117, 213, 85, 255, 122, 84, 174, 186, 234, 170, 171, 174, 186, 234, 95, 143, 202, 85, 87, 93, 117, 213, 85, 87, 253, 235, 81, 185, 234, 170, 171, 174, 186, 234, 170, 127, 61, 42, 87, 93, 117, 213, 85, 87, 93, 245, 175, 71, 229, 170, 171, 174, 186, 234, 170, 171, 254, 245, 168, 92, 117, 213, 85, 87, 93, 117, 213, 191, 30, 149, 171, 174, 186, 234, 170, 171, 174, 250, 215, 163, 114, 213, 85, 87, 93, 117, 213, 85, 255, 122, 84, 174, 186, 234, 170, 171, 174, 186, 234, 95, 143, 202, 85, 87, 93, 117, 213, 85, 87, 253, 235, 81, 185, 234, 170, 171, 174, 186, 234, 170, 127, 61, 42, 87, 93, 117, 213, 85, 87, 93, 245, 175, 71, 229, 170, 171, 174, 186, 234, 170, 171, 254, 245, 168, 92, 117, 213, 85, 87, 93, 117, 213, 191, 30, 149, 171, 174, 186, 234, 170, 171, 174, 250, 215, 163, 114, 213, 85, 87, 93, 117, 213, 85, 255, 122, 84, 174, 186, 234, 170, 171, 174, 186, 234, 95, 143, 202, 85, 87, 93, 117, 213, 85, 87, 253, 235, 81, 185, 234, 170, 171, 174, 186, 234, 170, 127, 61, 42, 87, 93, 117, 213, 85, 87, 93, 245, 175, 71, 229, 170, 171, 174, 186, 234, 170, 171, 254, 245, 168, 92, 117, 213, 85, 87, 93, 117, 213, 191, 30, 149, 171, 174, 186, 234, 170, 171, 174, 250, 215, 163, 114, 213, 85, 87, 93, 117, 213, 85, 255, 122, 84, 174, 186, 234, 170, 171, 174, 186, 234, 95, 143, 202, 85, 87, 93, 117, 213, 85, 87, 253, 235, 81, 185, 234, 170, 171, 174, 186, 234, 170, 127, 61, 42, 87, 93, 117, 213, 85, 87, 93, 245, 175, 71, 229, 170, 171, 174, 186, 234, 170, 171, 254, 245, 168, 92, 117, 213, 85, 87, 93, 117, 213, 191, 30, 149, 171, 174, 186, 234, 170, 171, 174, 250, 215, 163, 114, 213, 85, 87, 93, 117, 213, 85, 255, 122, 84, 174, 186, 234, 170, 171, 174, 186, 234, 95, 143, 202, 85, 87, 93, 117, 213, 85, 87, 253, 235, 81, 185, 234, 170, 171, 174, 186, 234, 170, 127, 61, 42, 87, 93, 117, 213, 85, 87, 93, 245, 175, 71, 229, 170, 171, 174, 186, 234, 170, 171, 254, 245, 168, 92, 117, 213, 85, 87, 93, 117, 213, 191, 30, 149, 171, 174, 186, 234, 170, 171, 174, 250, 215, 163, 114, 213, 85, 87, 93, 117, 213, 85, 255, 122, 84, 174, 186, 234, 170, 171, 174, 186, 234, 95, 143, 202, 85, 87, 93, 117, 213, 85, 87, 253, 235, 81, 185, 234, 170, 171, 174, 186, 234, 170, 127, 61, 42, 87, 93, 117, 213, 85, 87, 93, 245, 175, 71, 229, 170, 171, 174, 186, 234, 170, 171, 254, 245, 168, 92, 117, 213, 85, 87, 93, 117, 213, 191, 30, 149, 171, 174, 186, 234, 170, 171, 174, 250, 215, 163, 114, 213, 85, 87, 93, 117, 213, 85, 255, 122, 84, 174, 186, 234, 170, 171, 174, 186, 234, 95, 143, 202, 85, 87, 93, 117, 213, 85, 87, 253, 235, 81, 185, 234, 170, 171, 174, 186, 234, 170, 127, 61, 42, 87, 93, 117, 213, 85, 87, 93, 245, 175, 71, 229, 170, 171, 174, 186, 234, 170, 171, 254, 245, 168, 92, 117, 213, 85, 87, 93, 117, 213, 191, 30, 149, 171, 174, 186, 234, 170, 171, 174, 250, 215, 163, 114, 213, 85, 87, 93, 117, 213, 85, 255, 122, 84, 174, 186, 234, 170, 171, 174, 186, 234, 95, 143, 202, 85, 87, 93, 117, 213, 85, 87, 253, 235, 81, 185, 234, 170, 171, 174, 186, 234, 170, 127, 61, 42, 87, 93, 117, 213, 85, 87, 93, 245, 175, 71, 229, 170, 171, 174, 186, 234, 170, 171, 254, 245, 168, 92, 117, 213, 85, 87, 93, 117, 213, 191, 30, 149, 171, 174, 186, 234, 170, 171, 174, 250, 215, 163, 114, 213, 85, 87, 93, 117, 213, 85, 255, 122, 84, 174, 186, 234, 170, 171, 174, 186, 234, 95, 143, 202, 85, 87, 93, 117, 213, 85, 87, 253, 235, 81, 185, 234, 170, 171, 174, 186, 234, 170, 127, 61, 42, 87, 93, 117, 213, 85, 87, 93, 245, 175, 71, 229, 170, 171, 174, 186, 234, 170, 171, 254, 245, 168, 92, 117, 213, 85, 87, 93, 117, 213, 191, 30, 149, 171, 174, 186, 234, 170, 171, 174, 250, 215, 163, 114, 213, 85, 87, 93, 117, 213, 85, 255, 122, 84, 174, 186, 234, 170, 171, 174, 186, 234, 95, 143, 202, 85, 87, 93, 117, 213, 85, 87, 253, 235, 81, 185, 234, 170, 171, 174, 186, 234, 170, 127, 61, 42, 87, 93, 117, 213, 85, 87, 93, 245, 175, 71, 229, 170, 171, 174, 186, 234, 170, 171, 254, 245, 168, 92, 117, 213, 85, 87, 93, 117, 213, 191, 30, 149, 171, 174, 186, 234, 170, 171, 174, 250, 215, 163, 114, 213, 85, 87, 93, 117, 213, 85, 255, 122, 84, 174, 186, 234, 170, 171, 174, 186, 234, 95, 143, 202, 85, 87, 93, 117, 213, 85, 87, 253, 235, 81, 185, 234, 170, 171, 174, 186, 234, 170, 127, 61, 42, 87, 93, 117, 213, 85, 87, 93, 245, 175, 71, 229, 170, 171, 174, 186, 234, 170, 171, 254, 245, 168, 92, 117, 213, 85, 87, 93, 117, 213, 191, 30, 149, 171, 174, 186, 234, 170, 171, 174, 250, 215, 163, 114, 213, 85, 87, 93, 117, 213, 85, 255, 122, 84, 174, 186, 234, 170, 171, 174, 186, 234, 95, 143, 202, 85, 87, 93, 117, 213, 85, 87, 253, 235, 81, 185, 234, 170, 171, 174, 186, 234, 170, 127, 61, 42, 87, 93, 117, 213, 85, 87, 93, 245, 175, 71, 229, 170, 171, 174, 186, 234, 170, 171, 254, 245, 168, 92, 117, 213, 85, 87, 93, 117, 213, 191, 30, 149, 171, 174, 186, 234, 170, 171, 174, 250, 215, 163, 114, 213, 85, 87, 93, 117, 213, 85, 255, 122, 84, 174, 186, 234, 170, 171, 174, 186, 234, 95, 143, 202, 85, 87, 93, 117, 213, 85, 87, 253, 235, 81, 185, 234, 170, 171, 174, 186, 234, 170, 127, 61, 42, 87, 93, 117, 213, 85, 87, 93, 245, 175, 71, 229, 170, 171, 174, 186, 234, 170, 171, 254, 245, 168, 92, 117, 213, 85, 87, 93, 117, 213, 191, 30, 149, 171, 174, 186, 234, 170, 171, 174, 250, 215, 163, 114, 213, 85, 87, 93, 117, 213, 85, 255, 122, 84, 174, 186, 234, 170, 171, 174, 186, 234, 95, 143, 202, 85, 87, 93, 117, 213, 85, 87, 253, 235, 81, 185, 234, 170, 171, 174, 186, 234, 170, 127, 61, 42, 87, 93, 117, 213, 85, 87, 93, 245, 175, 71, 229, 170, 171, 174, 186, 234, 170, 171, 254, 245, 168, 92, 117, 213, 85, 87, 93, 117, 213, 191, 30, 149, 171, 174, 186, 234, 170, 171, 174, 250, 215, 163, 114, 213, 85, 87, 93, 117, 213, 85, 255, 122, 84, 174, 186, 234, 170, 171, 174, 186, 234, 95, 143, 202, 85, 87, 93, 117, 213, 85, 87, 253, 235, 81, 185, 234, 170, 171, 174, 186, 234, 170, 127, 61, 42, 87, 93, 117, 213, 85, 87, 93, 245, 175, 71, 229, 170, 171, 174, 186, 234, 170, 171, 254, 245, 168, 92, 117, 213, 85, 87, 93, 117, 213, 191, 30, 149, 171, 174, 186, 234, 170, 171, 174, 250, 215, 163, 114, 213, 85, 87, 93, 117, 213, 85, 255, 122, 84, 174, 186, 234, 170, 171, 174, 186, 234, 95, 143, 202, 85, 87, 93, 117, 213, 85, 87, 253, 235, 81, 185, 234, 170, 171, 174, 186, 234, 170, 127, 61, 42, 87, 93, 117, 213, 85, 87, 93, 245, 175, 71, 229, 170, 171, 174, 186, 234, 170, 171, 254, 245, 168, 92, 117, 213, 85, 87, 93, 117, 213, 191, 30, 149, 171, 174, 186, 234, 170, 171, 174, 250, 215, 163, 114, 213, 85, 87, 93, 117, 213, 85, 255, 122, 84, 174, 186, 234, 170, 171, 174, 186, 234, 95, 143, 202, 85, 87, 93, 117, 213, 85, 87, 253, 235, 81, 185, 234, 170, 171, 174, 186, 234, 170, 127, 61, 42, 87, 93, 117, 213, 85, 87, 93, 245, 175, 71, 229, 170, 171, 174, 186, 234, 170, 171, 254, 245, 168, 92, 117, 213, 85, 87, 93, 117, 213, 191, 30, 149, 171, 174, 186, 234, 170, 171, 174, 250, 215, 163, 114, 213, 85, 87, 93, 117, 213, 85, 255, 122, 84, 174, 186, 234, 170, 171, 174, 186, 234, 95, 143, 202, 85, 87, 93, 117, 213, 85, 87, 253, 235, 81, 185, 234, 170, 171, 174, 186, 234, 170, 127, 61, 42, 87, 93, 117, 213, 85, 87, 93, 245, 175, 71, 229, 170, 171, 174, 186, 234, 170, 171, 254, 245, 168, 92, 117, 213, 85, 87, 93, 117, 213, 191, 30, 149, 171, 174, 186, 234, 170, 171, 174, 250, 215, 163, 114, 213, 85, 87, 93, 117, 213, 85, 255, 122, 84, 174, 186, 234, 170, 171, 174, 186, 234, 95, 143, 202, 85, 87, 93, 117, 213, 85, 87, 253, 235, 81, 185, 234, 170, 171, 174, 186, 234, 170, 127, 61, 42, 87, 93, 117, 213, 85, 87, 93, 245, 175, 71, 229, 170, 171, 174, 186, 234, 170, 171, 254, 245, 168, 92, 117, 213, 85, 87, 93, 117, 213, 191, 30, 149, 171, 174, 186, 234, 170, 171, 174, 250, 215, 227, 31, 1, 126, 136, 6, 65, 26, 138, 171, 2, 0, 0, 0, 0, 73, 69, 78, 68, 174, 66, 96, 130]
note: run with `RUST_BACKTRACE=1` environment variable to display a backtrace
test test_video_pipeline_determinism ... FAILED

failures:

failures:
    test_video_pipeline_determinism

test result: FAILED. 0 passed; 1 failed; 0 ignored; 0 measured; 0 filtered out; finished in 2.17s

